{
 "cells": [
  {
   "cell_type": "markdown",
   "metadata": {},
   "source": [
    "# Exercise 3: Numpy"
   ]
  },
  {
   "cell_type": "markdown",
   "metadata": {},
   "source": [
    "Perform the follwing tasks:\n"
   ]
  },
  {
   "cell_type": "code",
   "execution_count": 2,
   "metadata": {},
   "outputs": [],
   "source": [
    "#3.1: import the numpy library\n",
    "import numpy as np"
   ]
  },
  {
   "cell_type": "code",
   "execution_count": 7,
   "metadata": {},
   "outputs": [
    {
     "data": {
      "text/plain": [
       "array([[0.18831006, 0.71229214, 0.90110418, 0.87382984, 0.39663846,\n",
       "        0.22132942, 0.83380512, 0.06194219, 0.96939614, 0.13061335],\n",
       "       [0.21084517, 0.39282461, 0.98110989, 0.76862929, 0.85843888,\n",
       "        0.29320431, 0.04255283, 0.01611514, 0.67718527, 0.83724856],\n",
       "       [0.87960689, 0.01854654, 0.34169667, 0.80415662, 0.37279611,\n",
       "        0.81294261, 0.95134625, 0.88587874, 0.3259458 , 0.45358576],\n",
       "       [0.17714269, 0.36968844, 0.5753282 , 0.12810706, 0.427882  ,\n",
       "        0.88169491, 0.1605543 , 0.55019615, 0.68691551, 0.21529514],\n",
       "       [0.56745184, 0.01337588, 0.48499661, 0.17400286, 0.47401475,\n",
       "        0.18908358, 0.28524151, 0.2176621 , 0.52950109, 0.31410412],\n",
       "       [0.69886876, 0.39593658, 0.80680981, 0.94633765, 0.71223202,\n",
       "        0.28517486, 0.1133283 , 0.62747358, 0.08498179, 0.83906375],\n",
       "       [0.81929142, 0.90586574, 0.60174378, 0.68285586, 0.10430947,\n",
       "        0.70730964, 0.74452435, 0.49429721, 0.23043636, 0.05485473],\n",
       "       [0.16097967, 0.05341368, 0.00477803, 0.49643093, 0.75358992,\n",
       "        0.18689257, 0.71496129, 0.66619208, 0.25179616, 0.90104319],\n",
       "       [0.20129422, 0.12740488, 0.69018171, 0.90691602, 0.95173371,\n",
       "        0.10130741, 0.78939753, 0.61048023, 0.93754429, 0.98729327],\n",
       "       [0.6028771 , 0.55330094, 0.47701244, 0.75334456, 0.32319015,\n",
       "        0.98940789, 0.55718257, 0.30065084, 0.12101343, 0.52234225]])"
      ]
     },
     "execution_count": 7,
     "metadata": {},
     "output_type": "execute_result"
    }
   ],
   "source": [
    "#3.2: create a random 10x10 array named A\n",
    "A = np.random.random((10,10))\n",
    "A"
   ]
  },
  {
   "cell_type": "code",
   "execution_count": 10,
   "metadata": {},
   "outputs": [
    {
     "data": {
      "text/plain": [
       "array([[0.21084517, 0.39282461, 0.98110989, 0.76862929, 0.85843888,\n",
       "        0.29320431, 0.04255283, 0.01611514, 0.67718527, 0.83724856],\n",
       "       [0.17714269, 0.36968844, 0.5753282 , 0.12810706, 0.427882  ,\n",
       "        0.88169491, 0.1605543 , 0.55019615, 0.68691551, 0.21529514],\n",
       "       [0.69886876, 0.39593658, 0.80680981, 0.94633765, 0.71223202,\n",
       "        0.28517486, 0.1133283 , 0.62747358, 0.08498179, 0.83906375],\n",
       "       [0.16097967, 0.05341368, 0.00477803, 0.49643093, 0.75358992,\n",
       "        0.18689257, 0.71496129, 0.66619208, 0.25179616, 0.90104319],\n",
       "       [0.6028771 , 0.55330094, 0.47701244, 0.75334456, 0.32319015,\n",
       "        0.98940789, 0.55718257, 0.30065084, 0.12101343, 0.52234225]])"
      ]
     },
     "execution_count": 10,
     "metadata": {},
     "output_type": "execute_result"
    }
   ],
   "source": [
    "#3.3: return only the odd rows of A\n",
    "A[1::2]"
   ]
  },
  {
   "cell_type": "code",
   "execution_count": 16,
   "metadata": {},
   "outputs": [
    {
     "data": {
      "text/plain": [
       "array([[3.98055343, 3.08292381, 2.74056873, 2.15388284, 1.74096884,\n",
       "        2.63853525, 3.01833206, 1.84591175, 3.67681131, 2.61168679],\n",
       "       [3.08292381, 3.73665602, 2.35971592, 2.13244986, 1.83402938,\n",
       "        3.29184839, 2.18238177, 2.10896089, 3.81835511, 2.50687945],\n",
       "       [2.74056873, 2.35971592, 4.33915092, 2.3002602 , 1.91470234,\n",
       "        3.22807585, 3.3522592 , 2.73741206, 3.62693038, 3.30695768],\n",
       "       [2.15388284, 2.13244986, 2.3002602 , 2.32263037, 1.37322569,\n",
       "        2.01422467, 2.14355913, 1.45011716, 2.4117714 , 2.14339359],\n",
       "       [1.74096884, 1.83402938, 1.91470234, 1.37322569, 1.3558941 ,\n",
       "        1.82682068, 1.53007802, 1.33860057, 2.24335304, 1.5047343 ],\n",
       "       [2.63853525, 3.29184839, 3.22807585, 2.01422467, 1.82682068,\n",
       "        3.89809574, 2.79909065, 2.47380031, 3.69355966, 2.95087872],\n",
       "       [3.01833206, 2.18238177, 3.3522592 , 2.14355913, 1.53007802,\n",
       "        2.79909065, 3.68614246, 1.70199073, 2.64555272, 3.15012864],\n",
       "       [1.84591175, 2.10896089, 2.73741206, 1.45011716, 1.33860057,\n",
       "        2.47380031, 1.70199073, 2.70832225, 3.32562855, 2.03111217],\n",
       "       [3.67681131, 3.81835511, 3.62693038, 2.4117714 , 2.24335304,\n",
       "        3.69355966, 2.64555272, 3.32562855, 5.12123093, 2.86466012],\n",
       "       [2.61168679, 2.50687945, 3.30695768, 2.14339359, 1.5047343 ,\n",
       "        2.95087872, 3.15012864, 2.03111217, 2.86466012, 3.23638049]])"
      ]
     },
     "execution_count": 16,
     "metadata": {},
     "output_type": "execute_result"
    }
   ],
   "source": [
    "#3.4: perform a matrix multiplication of A with it's transposed\n",
    "A.dot(A.T)"
   ]
  },
  {
   "cell_type": "code",
   "execution_count": 37,
   "metadata": {},
   "outputs": [
    {
     "name": "stdout",
     "output_type": "stream",
     "text": [
      "[1. 1. 1. 1. 1. 1. 1. 1. 1. 1.]\n",
      "[[ True False False False False False False False False False]\n",
      " [False  True False False False False False False False False]\n",
      " [False False  True False False False False False False False]\n",
      " [False False False  True False False False False False False]\n",
      " [False False False False  True False False False False False]\n",
      " [False False False False False  True False False False False]\n",
      " [False False False False False False  True False False False]\n",
      " [False False False False False False False  True False False]\n",
      " [False False False False False False False False  True False]\n",
      " [False False False False False False False False False  True]]\n"
     ]
    }
   ],
   "source": [
    "#3.5: compute the matrix inverse of A\n",
    "\n",
    "#AInv ist die Inverse Matrix von A\n",
    "AInv = np.linalg.inv(A)\n",
    "\n",
    "#Beweis\n",
    "E = A.dot(AInv)\n",
    "print(np.diag(E))\n",
    "\n",
    "#Aufgrund von rundungsungenauigkeiten ist alles rechts und links von der diagonale nur nahezu 0 \n",
    "mask = E > 0.0000000001\n",
    "print(mask)"
   ]
  },
  {
   "cell_type": "code",
   "execution_count": 6,
   "metadata": {},
   "outputs": [],
   "source": [
    "#3.6: divide all entries of A which are lager than 0.5 by 2 (hint: use where() )"
   ]
  },
  {
   "cell_type": "code",
   "execution_count": 40,
   "metadata": {},
   "outputs": [
    {
     "data": {
      "text/plain": [
       "array([[0.        , 0.35614607, 0.45055209, 0.43691492, 0.        ,\n",
       "        0.        , 0.41690256, 0.        , 0.48469807, 0.        ],\n",
       "       [0.        , 0.        , 0.49055494, 0.38431464, 0.42921944,\n",
       "        0.        , 0.        , 0.        , 0.33859263, 0.41862428],\n",
       "       [0.43980345, 0.        , 0.        , 0.40207831, 0.        ,\n",
       "        0.40647131, 0.47567313, 0.44293937, 0.        , 0.        ],\n",
       "       [0.        , 0.        , 0.2876641 , 0.        , 0.        ,\n",
       "        0.44084746, 0.        , 0.27509808, 0.34345776, 0.        ],\n",
       "       [0.28372592, 0.        , 0.        , 0.        , 0.        ,\n",
       "        0.        , 0.        , 0.        , 0.26475055, 0.        ],\n",
       "       [0.34943438, 0.        , 0.4034049 , 0.47316882, 0.35611601,\n",
       "        0.        , 0.        , 0.31373679, 0.        , 0.41953188],\n",
       "       [0.40964571, 0.45293287, 0.30087189, 0.34142793, 0.        ,\n",
       "        0.35365482, 0.37226217, 0.        , 0.        , 0.        ],\n",
       "       [0.        , 0.        , 0.        , 0.        , 0.37679496,\n",
       "        0.        , 0.35748064, 0.33309604, 0.        , 0.45052159],\n",
       "       [0.        , 0.        , 0.34509085, 0.45345801, 0.47586685,\n",
       "        0.        , 0.39469877, 0.30524012, 0.46877214, 0.49364664],\n",
       "       [0.30143855, 0.27665047, 0.        , 0.37667228, 0.        ,\n",
       "        0.49470394, 0.27859129, 0.        , 0.        , 0.26117113]])"
      ]
     },
     "execution_count": 40,
     "metadata": {},
     "output_type": "execute_result"
    }
   ],
   "source": [
    "B = np.where(A >0.5, A/2, A)\n",
    "A-B"
   ]
  },
  {
   "cell_type": "code",
   "execution_count": null,
   "metadata": {},
   "outputs": [],
   "source": []
  }
 ],
 "metadata": {
  "kernelspec": {
   "display_name": "Python 3",
   "language": "python",
   "name": "python3"
  },
  "language_info": {
   "codemirror_mode": {
    "name": "ipython",
    "version": 3
   },
   "file_extension": ".py",
   "mimetype": "text/x-python",
   "name": "python",
   "nbconvert_exporter": "python",
   "pygments_lexer": "ipython3",
   "version": "3.7.6"
  }
 },
 "nbformat": 4,
 "nbformat_minor": 4
}
